<html lang="en"><head>
    <meta charset="utf-8">
    <meta http-equiv="X-UA-Compatible" content="IE=Edge,chrome=1">
    <meta name="viewport" content="width=device-width, initial-scale=1.0">

    





    <meta name="csrf-param" content="authenticity_token">
<meta name="csrf-token" content="TGWAPp/MmUha/zeHeZelLcbaKWjTiPOCxc7BxXTpX4kdkGOcXR1CuzHJi1EeeSV8PSndcZGGDVy1aztc7wsvMw==">

    <link rel="shortcut icon" type="image/x-icon" href="/assets/packs/_/assets/images/favicon-50091bcb5eaba1f5ea2ece7b30e0b074.ico">

    <link rel="stylesheet" media="all" href="/assets/packs/logged_out-4ae660b57d9c37e7f713df1f19a254a2.css">

    

    <style type="text/css" media="screen">
      /* We need this to block out the FOUC from loading the angular app at the */
      /* bottom the document. More here https://docs.angularjs.org/api/ng/directive/ngCloak */
      [ng\:cloak], [ng-cloak], [data-ng-cloak], [x-ng-cloak], .ng-cloak, .x-ng-cloak {
        display: none !important;
      }
    </style>
  </head>
  <body class="front-page onpremise">
    <div class="navbar navbar-top">
  <div class="inner-container">
    <div class="navbar-header">
      <a class="navbar-brand" href="/">
        <svg xmlns="http://www.w3.org/2000/svg" width="233" height="30" viewBox="0 0 233 30">
  <g fill="none" fill-rule="evenodd">
    <path fill="#FFF" d="M22.1258923 10.7385876C20.6268657 7.35687264 17.2991564 5 13.4250487 5 8.14925373 5 3.87410772 9.36286255 3.87410772 14.7452711 3.87410772 15.0789407 3.88968202 15.4099622 3.92212849 15.7356873 1.6807268 16.2348676 0 18.3706179 0 20.8069357 0 23.6166456 2.23361454 26 4.9889682 26L24.4568462 26C28.6229721 26 32 22.4435057 32 18.1786255 32 13.9177175 28.6229721 10.358575 24.4568462 10.358575 23.6430889 10.358575 22.8604802 10.4936318 22.1258923 10.7385876zM46.904 19.744C47.3520022 20.2880027 47.8399974 20.6719989 48.368 20.896 48.8960026 21.1200011 49.4693302 21.232 50.088 21.232 50.6853363 21.232 51.2239976 21.1200011 51.704 20.896 52.1840024 20.6719989 52.5919983 20.330669 52.928 19.872 53.2640017 19.413331 53.5226658 18.8346702 53.704 18.136 53.8853342 17.4373298 53.976 16.6133381 53.976 15.664 53.976 14.7039952 53.8986674 13.89067 53.744 13.224 53.5893326 12.55733 53.3680014 12.0160021 53.08 11.6 52.7919986 11.1839979 52.4426687 10.880001 52.032 10.688 51.6213313 10.495999 51.1546693 10.4 50.632 10.4 49.8106626 10.4 49.1120029 10.5733316 48.536 10.92 47.9599971 11.2666684 47.4160026 11.7546635 46.904 12.384L46.904 19.744zM46.696 9.824C47.3680034 9.06666288 48.1306624 8.45333568 48.984 7.984 49.8373376 7.51466432 50.8399942 7.28 51.992 7.28 52.8880045 7.28 53.706663 7.4666648 54.448 7.84 55.189337 8.2133352 55.8293306 8.75466312 56.368 9.464 56.9066694 10.1733369 57.3226652 11.0479948 57.616 12.088 57.9093348 13.1280052 58.056 14.3199933 58.056 15.664 58.056 16.8906728 57.8906683 18.0266614 57.56 19.072 57.2293317 20.1173386 56.7573364 21.0239962 56.144 21.792 55.5306636 22.5600038 54.7893377 23.1599978 53.92 23.592 53.0506623 24.0240022 52.0773387 24.24 51 24.24 50.0826621 24.24 49.2986699 24.0986681 48.648 23.816 47.9973301 23.5333319 47.4160026 23.1413358 46.904 22.64L46.904 29.36 42.952 29.36 42.952 7.584 45.368 7.584C45.8800026 7.584 46.2159992 7.8239976 46.376 8.304L46.696 9.824zM69.4000001 16.992C68.2586611 17.0453336 67.2986707 17.1439993 66.5200001 17.288 65.7413296 17.4320007 65.1173358 17.6159989 64.6480001 17.84 64.1786645 18.0640011 63.8426678 18.3253318 63.6400001 18.624 63.4373325 18.9226682 63.3360001 19.2479982 63.3360001 19.6 63.3360001 20.2933368 63.5413314 20.7893318 63.9520001 21.088 64.3626689 21.3866682 64.8986635 21.536 65.5600001 21.536 66.3706709 21.536 67.0719972 21.3893348 67.6640001 21.096 68.2560031 20.8026652 68.834664 20.3573363 69.4000001 19.76L69.4000001 16.992zM60.3440001 9.872C62.2320096 8.14399136 64.5039869 7.28 67.1600001 7.28 68.1200049 7.28 68.978663 7.43733176 69.7360001 7.752 70.4933373 8.06666824 71.1333309 8.5039972 71.6560001 9.064 72.1786694 9.6240028 72.5759988 10.2933294 72.8480001 11.072 73.1200015 11.8506706 73.2560001 12.7039954 73.2560001 13.632L73.2560001 24 71.4640001 24C71.0906649 24 70.8026678 23.9440006 70.6000001 23.832 70.3973325 23.7199994 70.2373341 23.493335 70.1200001 23.152L69.7680001 21.968C69.3519981 22.3413352 68.9466688 22.6693319 68.5520001 22.952 68.1573315 23.2346681 67.7466689 23.471999 67.3200001 23.664 66.8933313 23.856001 66.4373359 24.0026662 65.9520001 24.104 65.4666644 24.2053338 64.9306697 24.256 64.3440001 24.256 63.6506633 24.256 63.0106697 24.1626676 62.4240001 23.976 61.8373305 23.7893324 61.3306689 23.5093352 60.9040001 23.136 60.4773313 22.7626648 60.146668 22.2986694 59.9120001 21.744 59.6773323 21.1893306 59.5600001 20.5440037 59.5600001 19.808 59.5600001 19.3919979 59.6293328 18.9786687 59.7680001 18.568 59.9066675 18.1573313 60.1333319 17.7653352 60.4480001 17.392 60.7626684 17.0186648 61.1706643 16.6666683 61.6720001 16.336 62.173336 16.0053317 62.7893298 15.7173346 63.5200001 15.472 64.2506705 15.2266654 65.1013286 15.0266674 66.0720001 14.872 67.0426717 14.7173326 68.1519939 14.6240002 69.4000001 14.592L69.4000001 13.632C69.4000001 12.5333278 69.1653358 11.7200026 68.6960001 11.192 68.2266645 10.6639974 67.5493379 10.4 66.6640001 10.4 66.0239969 10.4 65.4933356 10.4746659 65.0720001 10.624 64.6506647 10.7733341 64.2800017 10.9413324 63.9600001 11.128 63.6399985 11.3146676 63.3493348 11.4826659 63.0880001 11.632 62.8266655 11.7813341 62.5360017 11.856 62.2160001 11.856 61.9386654 11.856 61.7040011 11.7840007 61.5120001 11.64 61.3199992 11.4959993 61.1653341 11.328001 61.0480001 11.136L60.3440001 9.872zM88.3280003 11.056C88.2106664 11.2053341 88.0960008 11.3226662 87.9840003 11.408 87.8719997 11.4933338 87.7093347 11.536 87.4960003 11.536 87.2933326 11.536 87.0960012 11.4746673 86.9040003 11.352 86.7119993 11.2293327 86.4826683 11.0906674 86.2160003 10.936 85.9493323 10.7813326 85.6320021 10.6426673 85.2640003 10.52 84.8959984 10.3973327 84.440003 10.336 83.8960003 10.336 83.2026635 10.336 82.5946696 10.4613321 82.0720003 10.712 81.549331 10.9626679 81.1146687 11.3226643 80.7680003 11.792 80.4213319 12.2613357 80.1626678 12.82933 79.9920003 13.496 79.8213328 14.16267 79.7360003 14.9173291 79.7360003 15.76 79.7360003 16.634671 79.8293327 17.4133299 80.0160003 18.096 80.2026679 18.7786701 80.4719985 19.3519977 80.8240003 19.816 81.176002 20.2800023 81.6026644 20.6319988 82.1040003 20.872 82.6053361 21.1120012 83.1706638 21.232 83.8000003 21.232 84.4293368 21.232 84.938665 21.1546674 85.3280003 21 85.7173356 20.8453326 86.0453323 20.6746676 86.3120003 20.488 86.5786683 20.3013324 86.810666 20.1306674 87.0080003 19.976 87.2053346 19.8213326 87.4266657 19.744 87.6720003 19.744 87.9920019 19.744 88.2319995 19.8666654 88.3920003 20.112L89.5280003 21.552C89.0906648 22.0640026 88.6160028 22.4933316 88.1040003 22.84 87.5919977 23.1866684 87.0613364 23.463999 86.5120003 23.672 85.9626642 23.880001 85.3973365 24.0266662 84.8160003 24.112 84.234664 24.1973338 83.6560032 24.24 83.0800003 24.24 82.0666619 24.24 81.1120048 24.0506686 80.2160003 23.672 79.3199958 23.2933314 78.5360036 22.741337 77.8640003 22.016 77.1919969 21.290663 76.6613356 20.4026719 76.2720003 19.352 75.882665 18.3013281 75.6880003 17.1040067 75.6880003 15.76 75.6880003 14.5546606 75.8613319 13.4373385 76.2080003 12.408 76.5546687 11.3786615 77.0639969 10.4880038 77.7360003 9.736 78.4080036 8.98399624 79.2399953 8.3946688 80.2320003 7.968 81.2240052 7.5413312 82.3653272 7.328 83.6560003 7.328 84.8826731 7.328 85.957329 7.52533136 86.8800003 7.92 87.8026716 8.31466864 88.6319966 8.87999632 89.3680003 9.616L88.3280003 11.056zM95.5440004.224L95.5440004 13.84 96.2800004 13.84C96.5466684 13.84 96.757333 13.8053337 96.9120004 13.736 97.0666679 13.6666663 97.2239996 13.5253344 97.3840004 13.312L101.464 8.272C101.634668 8.04799888 101.823999 7.87733392 102.032 7.76 102.240001 7.64266608 102.509332 7.584 102.84 7.584L106.456 7.584 101.352 13.68C100.989332 14.1600024 100.594669 14.5279987 100.168 14.784 100.392002 14.9440008 100.592 15.1306656 100.768 15.344 100.944001 15.5573344 101.112 15.7866654 101.272 16.032L106.744 24 103.176 24C102.866666 24 102.600002 23.9493338 102.376 23.848 102.151999 23.7466662 101.965335 23.562668 101.816 23.296L97.6240004 17.072C97.4746663 16.8266654 97.3200012 16.666667 97.1600004 16.592 96.9999996 16.517333 96.760002 16.48 96.4400004 16.48L95.5440004 16.48 95.5440004 24 91.5920004 24 91.5920004.224 95.5440004.224zM116.968001 16.992C115.826662 17.0453336 114.866671 17.1439993 114.088001 17.288 113.30933 17.4320007 112.685336 17.6159989 112.216001 17.84 111.746665 18.0640011 111.410668 18.3253318 111.208001 18.624 111.005333 18.9226682 110.904001 19.2479982 110.904001 19.6 110.904001 20.2933368 111.109332 20.7893318 111.520001 21.088 111.930669 21.3866682 112.466664 21.536 113.128001 21.536 113.938671 21.536 114.639998 21.3893348 115.232001 21.096 115.824004 20.8026652 116.402664 20.3573363 116.968001 19.76L116.968001 16.992zM107.912001 9.872C109.80001 8.14399136 112.071987 7.28 114.728001 7.28 115.688005 7.28 116.546663 7.43733176 117.304001 7.752 118.061338 8.06666824 118.701331 8.5039972 119.224001 9.064 119.74667 9.6240028 120.143999 10.2933294 120.416001 11.072 120.688002 11.8506706 120.824001 12.7039954 120.824001 13.632L120.824001 24 119.032001 24C118.658665 24 118.370668 23.9440006 118.168001 23.832 117.965333 23.7199994 117.805334 23.493335 117.688001 23.152L117.336001 21.968C116.919998 22.3413352 116.514669 22.6693319 116.120001 22.952 115.725332 23.2346681 115.314669 23.471999 114.888001 23.664 114.461332 23.856001 114.005336 24.0026662 113.520001 24.104 113.034665 24.2053338 112.49867 24.256 111.912001 24.256 111.218664 24.256 110.57867 24.1626676 109.992001 23.976 109.405331 23.7893324 108.898669 23.5093352 108.472001 23.136 108.045332 22.7626648 107.714668 22.2986694 107.480001 21.744 107.245333 21.1893306 107.128001 20.5440037 107.128001 19.808 107.128001 19.3919979 107.197333 18.9786687 107.336001 18.568 107.474668 18.1573313 107.701332 17.7653352 108.016001 17.392 108.330669 17.0186648 108.738665 16.6666683 109.240001 16.336 109.741336 16.0053317 110.35733 15.7173346 111.088001 15.472 111.818671 15.2266654 112.669329 15.0266674 113.640001 14.872 114.610672 14.7173326 115.719994 14.6240002 116.968001 14.592L116.968001 13.632C116.968001 12.5333278 116.733336 11.7200026 116.264001 11.192 115.794665 10.6639974 115.117338 10.4 114.232001 10.4 113.591997 10.4 113.061336 10.4746659 112.640001 10.624 112.218665 10.7733341 111.848002 10.9413324 111.528001 11.128 111.207999 11.3146676 110.917335 11.4826659 110.656001 11.632 110.394666 11.7813341 110.104002 11.856 109.784001 11.856 109.506666 11.856 109.272002 11.7840007 109.080001 11.64 108.888 11.4959993 108.733334 11.328001 108.616001 11.136L107.912001 9.872zM130.136001 15.392C130.62667 15.392 131.053332 15.325334 131.416001 15.192 131.778669 15.058666 132.08 14.8746678 132.320001 14.64 132.560002 14.4053322 132.741333 14.1226683 132.864001 13.792 132.986668 13.4613317 133.048001 13.0986686 133.048001 12.704 133.048001 11.8933293 132.805336 11.250669 132.320001 10.776 131.834665 10.301331 131.106672 10.064 130.136001 10.064 129.165329 10.064 128.437336 10.301331 127.952001 10.776 127.466665 11.250669 127.224001 11.8933293 127.224001 12.704 127.224001 13.0880019 127.285333 13.4453317 127.408001 13.776 127.530668 14.1066683 127.712 14.3919988 127.952001 14.632 128.192002 14.8720012 128.495999 15.058666 128.864001 15.192 129.232003 15.325334 129.655998 15.392 130.136001 15.392zM134.600001 24.736C134.600001 24.4159984 134.504002 24.1546677 134.312001 23.952 134.12 23.7493323 133.858669 23.5920006 133.528001 23.48 133.197332 23.3679994 132.81067 23.2853336 132.368001 23.232 131.925332 23.1786664 131.456003 23.1386668 130.960001 23.112 130.463998 23.0853332 129.952003 23.0613334 129.424001 23.04 128.895998 23.0186666 128.381337 22.9760003 127.880001 22.912 127.442665 23.1573346 127.088002 23.4453317 126.816001 23.776 126.543999 24.1066683 126.408001 24.4906645 126.408001 24.928 126.408001 25.2160014 126.48 25.4853321 126.624001 25.736 126.768001 25.9866679 126.997332 26.2026658 127.312001 26.384 127.626669 26.5653342 128.034665 26.7066662 128.536001 26.808 129.037337 26.9093338 129.650664 26.96 130.376001 26.96 131.112004 26.96 131.746665 26.9040006 132.280001 26.792 132.813337 26.6799994 133.253332 26.5253343 133.600001 26.328 133.946669 26.1306657 134.2 25.8960014 134.360001 25.624 134.520002 25.3519986 134.600001 25.0560016 134.600001 24.736zM138.536001 8.144L138.536001 9.616C138.536001 10.0853357 138.253337 10.3733328 137.688001 10.48L136.216001 10.752C136.440002 11.3173362 136.552001 11.9359966 136.552001 12.608 136.552001 13.4186707 136.389336 14.1519967 136.064001 14.808 135.738666 15.4640033 135.288004 16.021331 134.712001 16.48 134.135998 16.938669 133.456005 17.2933321 132.672001 17.544 131.887997 17.7946679 131.042672 17.92 130.136001 17.92 129.815999 17.92 129.506669 17.9040002 129.208001 17.872 128.909333 17.8399998 128.616002 17.7973336 128.328001 17.744 127.815998 18.0533349 127.560001 18.3999981 127.560001 18.784 127.560001 19.1146683 127.711999 19.3573326 128.016001 19.512 128.320002 19.6666674 128.722665 19.7759997 129.224001 19.84 129.725337 19.9040003 130.295998 19.9439999 130.936001 19.96 131.576004 19.9760001 132.231997 20.0106664 132.904001 20.064 133.576004 20.1173336 134.231998 20.210666 134.872001 20.344 135.512004 20.477334 136.082665 20.6879986 136.584001 20.976 137.085337 21.2640014 137.487999 21.6559975 137.792001 22.152 138.096002 22.6480025 138.248001 23.2853294 138.248001 24.064 138.248001 24.789337 138.069336 25.4933299 137.712001 26.176 137.354666 26.8586701 136.837337 27.466664 136.160001 28 135.482664 28.533336 134.650672 28.962665 133.664001 29.288 132.677329 29.613335 131.554674 29.776 130.296001 29.776 129.058661 29.776 127.981339 29.6560012 127.064001 29.416 126.146663 29.1759988 125.384004 28.856002 124.776001 28.456 124.167998 28.055998 123.714669 27.5946693 123.416001 27.072 123.117333 26.5493307 122.968001 26.0053362 122.968001 25.44 122.968001 24.6719962 123.199998 24.0293359 123.664001 23.512 124.128003 22.9946641 124.76533 22.5813349 125.576001 22.272 125.138665 22.0479989 124.792002 21.7493352 124.536001 21.376 124.279999 21.0026648 124.152001 20.512003 124.152001 19.904 124.152001 19.6586654 124.197334 19.4053346 124.288001 19.144 124.378668 18.8826654 124.512 18.6240013 124.688001 18.368 124.864002 18.1119987 125.085333 17.8693345 125.352001 17.64 125.618669 17.4106655 125.933332 17.2053342 126.296001 17.024 125.463997 16.5759978 124.81067 15.9786704 124.336001 15.232 123.861332 14.4853296 123.624001 13.6106717 123.624001 12.608 123.624001 11.7973293 123.786666 11.0640033 124.112001 10.408 124.437336 9.75199672 124.890664 9.19200232 125.472001 8.728 126.053337 8.26399768 126.74133 7.90933456 127.536001 7.664 128.330671 7.41866544 129.197329 7.296 130.136001 7.296 130.840004 7.296 131.501331 7.36799928 132.120001 7.512 132.73867 7.65600072 133.303998 7.86666528 133.816001 8.144L138.536001 8.144zM150.920001 13.904C150.920001 13.3919974 150.848002 12.9093356 150.704001 12.456 150.56 12.0026644 150.344002 11.605335 150.056001 11.264 149.767999 10.922665 149.40267 10.6533343 148.960001 10.456 148.517332 10.2586657 148.00267 10.16 147.416001 10.16 146.274662 10.16 145.376004 10.4853301 144.720001 11.136 144.063998 11.7866699 143.645335 12.7093274 143.464001 13.904L150.920001 13.904zM143.384001 16.288C143.448001 17.1306709 143.597333 17.8586636 143.832001 18.472 144.066669 19.0853364 144.375999 19.591998 144.760001 19.992 145.144003 20.392002 145.599998 20.6906657 146.128001 20.888 146.656003 21.0853343 147.239998 21.184 147.880001 21.184 148.520004 21.184 149.071999 21.1093341 149.536001 20.96 150.000003 20.8106659 150.405332 20.6453342 150.752001 20.464 151.098669 20.2826658 151.402666 20.1173341 151.664001 19.968 151.925335 19.8186659 152.178666 19.744 152.424001 19.744 152.754669 19.744 153 19.8666654 153.160001 20.112L154.296001 21.552C153.858665 22.0640026 153.368004 22.4933316 152.824001 22.84 152.279998 23.1866684 151.712004 23.463999 151.120001 23.672 150.527998 23.880001 149.925337 24.0266662 149.312001 24.112 148.698664 24.1973338 148.104004 24.24 147.528001 24.24 146.386662 24.24 145.325339 24.0506686 144.344001 23.672 143.362663 23.2933314 142.509338 22.733337 141.784001 21.992 141.058664 21.250663 140.488003 20.3333388 140.072001 19.24 139.655999 18.1466612 139.448001 16.8800072 139.448001 15.44 139.448001 14.3199944 139.629332 13.2666716 139.992001 12.28 140.354669 11.2933284 140.874664 10.4346703 141.552001 9.704 142.229338 8.97332968 143.055996 8.3946688 144.032001 7.968 145.008006 7.5413312 146.109328 7.328 147.336001 7.328 148.370673 7.328 149.32533 7.49333168 150.200001 7.824 151.074672 8.15466832 151.826664 8.63733016 152.456001 9.272 153.085337 9.90666984 153.578666 10.6853287 153.936001 11.608 154.293336 12.5306713 154.472001 13.5839941 154.472001 14.768 154.472001 15.3653363 154.408001 15.767999 154.280001 15.976 154.152 16.184001 153.906669 16.288 153.544001 16.288L143.384001 16.288zM168.408001 10.208C168.354667 10.2613336 168.304001 10.3066665 168.256001 10.344 168.208001 10.3813335 168.141335 10.4 168.056001 10.4 167.949334 10.4 167.805335 10.3280007 167.624001 10.184 167.442667 10.0399993 167.197336 9.88266752 166.888001 9.712 166.578666 9.54133248 166.192003 9.38400072 165.728001 9.24 165.263999 9.09599928 164.701338 9.024 164.040001 9.024 163.122663 9.024 162.309338 9.18666504 161.600001 9.512 160.890664 9.83733496 160.29067 10.303997 159.800001 10.912 159.309332 11.520003 158.938669 12.2559957 158.688001 13.12 158.437333 13.9840043 158.312001 14.9546613 158.312001 16.032 158.312001 17.1520056 158.442666 18.1439957 158.704001 19.008 158.965336 19.8720043 159.335999 20.599997 159.816001 21.192 160.296003 21.784003 160.877331 22.2346651 161.560001 22.544 162.242671 22.8533349 162.999997 23.008 163.832001 23.008 164.600005 23.008 165.242665 22.9173342 165.760001 22.736 166.277337 22.5546658 166.703999 22.3573344 167.040001 22.144 167.376003 21.9306656 167.64 21.7333342 167.832001 21.552 168.024002 21.3706658 168.184 21.28 168.312001 21.28 168.440002 21.28 168.546667 21.3333328 168.632001 21.44L169.032001 21.952C168.786666 22.2720016 168.477336 22.5706653 168.104001 22.848 167.730666 23.1253347 167.309337 23.3653323 166.840001 23.568 166.370665 23.7706677 165.861337 23.9279994 165.312001 24.04 164.762665 24.1520006 164.189337 24.208 163.592001 24.208 162.578663 24.208 161.653339 24.0240018 160.816001 23.656 159.978663 23.2879982 159.258671 22.7546702 158.656001 22.056 158.053331 21.3573298 157.584003 20.5013384 157.248001 19.488 156.911999 18.4746616 156.744001 17.3226731 156.744001 16.032 156.744001 14.8159939 156.903999 13.7066717 157.224001 12.704 157.544003 11.7013283 158.013331 10.837337 158.632001 10.112 159.250671 9.38666304 160.00533 8.824002 160.896001 8.424 161.786672 8.023998 162.807995 7.824 163.960001 7.824 164.994673 7.824 165.911997 7.98933168 166.712001 8.32 167.512005 8.65066832 168.210665 9.09866384 168.808001 9.664L168.408001 10.208zM174.072001.72L174.072001 24 172.536001 24 172.536001.72 174.072001.72zM185.368001 7.824C186.50934 7.824 187.530663 8.01866472 188.432001 8.408 189.333339 8.79733528 190.093332 9.34932976 190.712001 10.064 191.330671 10.7786702 191.802666 11.639995 192.128001 12.648 192.453336 13.656005 192.616001 14.7839938 192.616001 16.032 192.616001 17.2800062 192.453336 18.4053283 192.128001 19.408 191.802666 20.4106717 191.330671 21.2693298 190.712001 21.984 190.093332 22.6986702 189.333339 23.2479981 188.432001 23.632 187.530663 24.0160019 186.50934 24.208 185.368001 24.208 184.226662 24.208 183.205339 24.0160019 182.304001 23.632 181.402663 23.2479981 180.640004 22.6986702 180.016001 21.984 179.391998 21.2693298 178.917336 20.4106717 178.592001 19.408 178.266666 18.4053283 178.104001 17.2800062 178.104001 16.032 178.104001 14.7839938 178.266666 13.656005 178.592001 12.648 178.917336 11.639995 179.391998 10.7786702 180.016001 10.064 180.640004 9.34932976 181.402663 8.79733528 182.304001 8.408 183.205339 8.01866472 184.226662 7.824 185.368001 7.824zM185.368001 23.008C186.317339 23.008 187.146664 22.845335 187.856001 22.52 188.565338 22.194665 189.157332 21.728003 189.632001 21.12 190.10667 20.511997 190.461333 19.778671 190.696001 18.92 190.930669 18.061329 191.048001 17.098672 191.048001 16.032 191.048001 14.9759947 190.930669 14.0160043 190.696001 13.152 190.461333 12.2879957 190.10667 11.5493364 189.632001 10.936 189.157332 10.3226636 188.565338 9.85066832 187.856001 9.52 187.146664 9.18933168 186.317339 9.024 185.368001 9.024 184.418663 9.024 183.589338 9.18933168 182.880001 9.52 182.170664 9.85066832 181.57867 10.3226636 181.104001 10.936 180.629332 11.5493364 180.272002 12.2879957 180.032001 13.152 179.792 14.0160043 179.672001 14.9759947 179.672001 16.032 179.672001 17.098672 179.792 18.061329 180.032001 18.92 180.272002 19.778671 180.629332 20.511997 181.104001 21.12 181.57867 21.728003 182.170664 22.194665 182.880001 22.52 183.589338 22.845335 184.418663 23.008 185.368001 23.008zM208.872001 8.08L208.872001 24 208.024001 24C207.757333 24 207.602668 23.8613347 207.560001 23.584L207.416001 21.216C206.679998 22.1333379 205.82934 22.8693306 204.864001 23.424 203.898663 23.9786694 202.824007 24.256 201.640001 24.256 200.754664 24.256 199.981338 24.1173347 199.320001 23.84 198.658665 23.5626653 198.109337 23.1626693 197.672001 22.64 197.234666 22.1173307 196.904003 21.4880037 196.680001 20.752 196.456 20.0159963 196.344001 19.1840046 196.344001 18.256L196.344001 8.08 197.880001 8.08 197.880001 18.256C197.880001 19.7493408 198.221331 20.9199958 198.904001 21.768 199.586672 22.6160042 200.626661 23.04 202.024001 23.04 203.058673 23.04 204.026664 22.7760026 204.928001 22.248 205.829339 21.7199974 206.631998 20.9866714 207.336001 20.048L207.336001 8.08 208.872001 8.08zM224.568002 11.504C223.959999 10.5866621 223.285339 9.9413352 222.544002 9.568 221.802665 9.1946648 220.95734 9.008 220.008002 9.008 219.06933 9.008 218.248005 9.17866496 217.544002 9.52 216.839998 9.86133504 216.250671 10.3439969 215.776002 10.968 215.301333 11.5920031 214.944003 12.3386623 214.704002 13.208 214.464 14.0773377 214.344002 15.0346614 214.344002 16.08 214.344002 18.4480118 214.778664 20.1893278 215.648002 21.304 216.517339 22.4186722 217.773327 22.976 219.416002 22.976 220.46134 22.976 221.415997 22.7040027 222.280002 22.16 223.144006 21.6159973 223.906665 20.8533382 224.568002 19.872L224.568002 11.504zM226.088002.72L226.088002 24 225.256002 24C224.978667 24 224.818668 23.8613347 224.776002 23.584L224.616002 21.072C223.911998 22.0320048 223.090673 22.7946638 222.152002 23.36 221.21333 23.9253362 220.157341 24.208 218.984002 24.208 217.021325 24.208 215.496007 23.5306734 214.408002 22.176 213.319996 20.8213266 212.776002 18.7893469 212.776002 16.08 212.776002 14.9173275 212.928 13.832005 213.232002 12.824 213.536003 11.815995 213.981332 10.941337 214.568002 10.2 215.154671 9.45866296 215.877331 8.8746688 216.736002 8.448 217.594673 8.0213312 218.583996 7.808 219.704002 7.808 220.78134 7.808 221.714664 8.00533136 222.504002 8.4 223.293339 8.79466864 223.981332 9.38132944 224.568002 10.16L224.568002.72 226.088002.72z"></path>
  </g>
</svg>

      </a>
    </div>

    <div class="navbar-items">
      <div class="mobile-nav-button" ng-click="toggleMobileNav()">
        <div class="rect rect1"></div>
        <div class="rect rect2"></div>
        <div class="rect rect3"></div>
      </div>
      <ul class="nav navbar-nav closed">
        <li>
          <a class="navbar-link" href="/docs">Docs</a>
        </li>
        <li>
          <a class="navbar-link hosted" href="/pricing">Pricing</a>
        </li>
        <li class="separator">&nbsp;</li>
          <li><a class="navbar-link" href="/login">Login</a></li>
      </ul>
    </div>
  </div>
</div>


    <div class="front-page-container">
      <div class="hero-section short"></div>
<div class="node-white-header">
  <div class="container">
    <h1 class="main-headline center">Login</h1>
  </div>
</div>
<div class="login-form signup-container right-slash-guillotine">
  <div class="signup-card">
    <div class="container">
      <div class="form-container">
        <section class="form-elements">
          
          <form class="form-horizontal" id="new_user" role="form" action="/session" accept-charset="UTF-8" method="post"><input type="hidden" name="authenticity_token" value="pFyaNLUErT72bXq148JaCZxeJM6DFwfuWd1Un7JGcdP1qXmWd9V2zZ1bxmOELNpYZ63Q18EZ+TApeK4GKaQBaQ==">
            <label for="user_email">Email</label>
            <input class="form-control text-field" autofocus="autofocus" type="text" name="user[email]" id="user_email">
            <label for="user_password">Password</label>
            <input class="form-control text-field" type="password" name="user[password]" id="user_password">
            <a href="/forgot_password">Forget your password?</a>
            <input type="submit" name="commit" value="Login" class="btn block primary anim-btn" data-disable-with="Login">
</form>        </section>
      </div>
    </div>
  </div>
</div>

    </div>

    <div id="footer-container" class="footer-container">
        <footer class="concise">
  <p class="footer-group">
    © Computology, LLC 2013-2025
    <span>| <a class="footer-link" href="https://blog.packagecloud.io">Blog</a></span>
    <span>| <a class="footer-link" href="https://packages.gitlab.com/docs">Docs</a></span>
    <span>| <a class="footer-link" href="https://packagecloud.atlassian.net/wiki/spaces/ENTERPRISE/overview">Enterprise Docs</a></span>
    <span>| <a class="footer-link" href="https://packages.gitlab.com/legal/tos">Terms of Service</a></span>
    <span>| <a class="footer-link" href="https://packages.gitlab.com/legal/privacy">Privacy Policy</a></span>
    <span class="hosted">| <a class="footer-link" href="https://packages.gitlab.com/contact">Contact</a></span>
    <span class="hosted">| <a class="footer-link " href="http://www.packagecloudstatus.io/">Status</a></span>
  </p>
</footer>

    </div>

    
    
    <script type="text/javascript" src="https://cdn.statuspage.io/se-v2.js"></script>
    <script src="/assets/packs/onpremise_logged_out-cc3e7faef329feb2adf7.js"></script>
    
  

</body></html>